image_width: 1920
image_height: 1440
camera_name: camera3 
camera_matrix:
  rows: 3
  cols: 3
  data: [1712.647094, 0.000000, 1036.911331, 0.000000, 1707.202719, 717.219448, 0.000000, 0.000000, 1.000000]
distortion_model: plumb_bob
distortion_coefficients:
  rows: 1
  cols: 5
  data: [-0.228460, 0.108732, -0.000444, 0.000898, 0.000000]
rectification_matrix:
  rows: 3
  cols: 3
  data: [1.000000, 0.000000, 0.000000, 0.000000, 1.000000, 0.000000, 0.000000, 0.000000, 1.000000]
projection_matrix:
  rows: 3
  cols: 4
  data: [1593.064209, 0.000000, 1048.802068, 0.000000, 0.000000, 1637.907715, 716.516482, 0.000000, 0.000000, 0.000000, 1.000000, 0.000000]
